15 9
15 10
15 12
15 13
15 14
15 15
15 16
15 17
16 9
16 10
16 12
16 13
16 14
16 15
16 16
16 17
17 9
17 10
18 9
18 10
18 16
18 17
19 9
19 10
19 16
19 17
20 9
20 10
20 16
20 17
21 16
21 17
22 9
22 10
22 11
22 12
22 13
22 14
22 16
22 17
23 9
23 10
23 11
23 12
23 13
23 14
23 16
23 17
55 9
55 10
55 12
55 13
55 14
55 15
55 16
55 17
56 9
56 10
56 12
56 13
56 14
56 15
56 16
56 17
57 9
57 10
58 9
58 10
58 16
58 17
59 9
59 10
59 16
59 17
60 9
60 10
60 16
60 17
61 16
61 17
62 9
62 10
62 11
62 12
62 13
62 14
62 16
62 17
63 9
63 10
63 11
63 12
63 13
63 14
63 16
63 17
-1 -1
-1 -1
