1 1
2 2
3 2
1 3
2 3
10 3
9 3
10 4
11 4
8 4
7 4
7 5
8 5
9 5
10 5
9 6
8 6
//50 18
51 18
52 18
55 18
56 18
51 19
52 19
55 19
56 19
50 20
51 20
52 20
55 20
56 20
57 20
51 21
52 21
55 21
56 21
50 21
57 21
50 23
57 23
50 24
57 24
53 24
54 24
51 25
52 25
53 25
54 25
55 25
56 25
53 3
54 3
53 4
54 4
//30 10
30 12
30 13
30 14
30 15
32 12
32 15
33 11
33 13
33 14
33 16
34 11
34 16
36 11
36 16
37 11
37 16
37 12
37 15
38 11
38 12
38 13
38 14
38 15
38 16
39 15
39 12
40 13
40 14
41 13
41 14
43 10
43 11
43 16
43 17
44 10
44 11
44 16
44 17
45 10
45 11
45 16
45 17
47 12
47 15
-1 -1
